85
61614 422671116 33401
39007 345900456 36351
41174 823334656 25573
96437 590272983 60932
99832 212673886 28050
27510 578185056 3281
29836 897821966 8235
74208 822196818 11168
90831 273010045 6119
65634 394584745 15724
31658 743989770 2334
98897 949191863 62224
96864 434699590 37800
42250 972378396 12332
6650 174480149 1528
36577 679251675 33246
74374 329087889 65302
82006 995214828 17207
10282 506315562 1903
73477 753540780 389
10964 685000481 9972
42774 768574728 41182
48762 30345903 31185
24707 898207285 10860
58974 203175780 23308
30997 229855520 24171
65802 85951910 50274
51953 777513717 2915
80447 310512918 29076
75120 305061340 64410
44158 865585978 33408
95453 33989124 74198
73285 340452235 63393
97479 739382354 67145
27176 656369746 644
64313 807416127 39668
94926 604359169 58964
84500 910613612 13426
72979 119530999 72408
28559 697886960 4261
29157 910292298 21321
18320 687252672 3792
52064 434995536 8993
18676 23142361 1419
58003 546539569 29833
60519 102977748 6750
17834 652006825 12573
39102 560978670 33818
46926 829556081 17169
80040 586632967 77203
15439 739781809 2361
92546 471879318 82609
22080 42217099 11144
21867 402733172 18217
95048 184900240 40415
10621 402936319 9572
44278 407883373 4214
49354 666696860 33217
80965 525940061 38205
936 570125604 722
15843 118457483 87
17626 840313326 5569
67358 303910650 44906
11926 981344375 5646
25440 79871165 3658
35937 209340350 8249
9863 48211171 2869
44903 756491624 11026
99425 453441806 51251
24252 639957011 12409
61647 59062080 52110
83661 466510972 22402
34729 225526699 33532
19471 23640411 2549
29024 251635501 26107
40635 619397485 39764
33845 781696942 20469
53919 716485068 16038
95530 674858929 34764
50448 116662235 28118
10312 21469146 6612
57787 115595417 24833
96885 931941782 28186
20865 228912431 4330
31483 64092841 16389
