30 30 30
58 87 67 53 63 27 4 100 98 64 1 15 26 11 17 97 76 90 35 32 52 39 29 67 45 1 40 18 47 41 
22 30 1 18 29 27 24 30 17 16 4 16 21 19 7 7 9 8 22 7 7 11 2 30 19 4 30 15 30 5 6 1 
15 30 13 6 5 10 23 14 26 30 11 25 19 28 4 7 22 5 1 25 7 30 1 5 10 7 27 7 8 4 21 8 
3 30 18 24 14 9 9 30 1 25 15 5 1 27 7 3 27 9 28 28 19 7 20 12 4 29 13 14 12 5 1 12 
28 30 10 8 27 3 26 23 13 14 14 12 11 5 10 8 16 24 5 9 15 3 28 16 1 29 1 29 19 17 29 8 
2 30 29 10 15 16 21 28 2 7 8 12 9 10 28 29 26 13 28 21 21 18 19 1 27 16 26 30 28 15 18 10 
29 30 20 10 6 29 2 29 23 26 17 21 20 3 6 22 21 30 26 17 10 3 1 21 20 29 23 5 7 7 23 1 
10 30 25 7 9 11 6 4 24 4 4 18 27 23 21 7 24 20 25 25 3 12 10 28 10 29 26 1 1 14 20 20 
15 30 9 14 11 13 17 6 10 26 10 5 28 18 19 5 2 24 21 14 1 12 17 13 4 16 5 9 10 12 12 27 
22 30 19 28 14 5 2 12 2 5 26 27 18 25 23 25 13 25 9 1 8 23 9 29 20 30 22 21 27 10 13 6 
24 30 24 4 30 3 8 25 25 2 22 29 1 27 15 19 24 7 5 27 17 29 12 11 26 13 30 18 28 24 3 12 
10 30 10 13 28 26 30 20 8 1 4 12 5 10 4 26 19 16 25 6 17 30 5 27 5 11 21 17 25 17 20 17 
16 30 20 8 29 26 24 1 16 29 25 7 26 28 11 16 10 5 6 4 29 5 10 2 6 22 4 11 27 15 1 14 
9 30 29 13 20 30 17 3 21 17 26 8 25 26 18 10 4 15 12 15 21 7 19 5 16 12 19 28 20 22 17 9 
22 30 25 24 11 25 24 18 15 22 23 6 6 27 2 24 21 11 3 4 16 28 15 29 1 8 17 7 28 12 9 7 
29 30 16 19 24 20 8 18 6 23 20 11 10 29 7 22 21 7 29 11 24 10 10 27 6 13 4 2 30 10 22 29 
8 30 12 18 27 17 1 2 28 3 22 8 29 14 3 22 25 27 3 28 16 28 26 17 17 3 20 3 21 9 3 30 
1 30 25 2 2 21 21 13 15 17 8 20 4 8 16 18 4 4 26 22 20 23 11 14 6 26 7 6 15 24 27 2 
4 30 3 28 25 5 12 6 14 16 21 11 20 21 17 19 4 28 22 13 1 17 18 19 3 14 10 3 24 30 25 21 
22 30 8 21 6 19 22 11 18 25 10 7 30 17 26 18 5 29 16 22 6 9 28 11 19 17 21 30 7 4 12 25 
6 30 30 1 19 9 11 19 6 21 10 30 19 25 24 26 18 13 7 14 14 18 14 21 21 10 27 6 11 28 18 17 
7 30 24 22 4 23 23 9 4 8 19 28 3 26 11 25 4 5 13 13 3 13 14 16 18 10 27 8 25 17 17 11 
6 30 30 1 1 13 27 3 16 9 30 17 23 22 10 18 12 9 13 26 11 20 26 22 2 14 26 24 14 13 18 16 
11 30 26 17 8 17 14 18 30 13 22 10 1 10 5 29 28 19 23 25 23 1 7 27 7 23 27 1 28 10 8 14 
14 30 19 8 25 14 12 27 25 30 19 28 16 2 5 5 18 26 14 26 3 1 16 26 2 27 19 18 26 28 17 14 
26 30 13 19 20 28 30 20 2 5 14 28 23 9 7 2 29 6 3 24 27 19 6 5 12 18 1 6 21 13 11 3 
21 30 24 25 10 19 19 21 19 22 7 10 7 4 28 3 1 11 24 13 3 15 20 22 29 17 6 3 19 15 3 8 
26 30 1 17 5 3 26 25 21 9 21 18 29 19 12 7 22 1 20 8 19 24 23 25 20 8 18 19 29 29 5 3 
25 30 21 20 10 2 19 28 9 7 9 20 8 7 16 16 10 2 12 6 1 1 3 17 24 3 18 7 18 22 29 20 
8 30 6 3 14 8 21 15 19 19 6 15 28 7 15 12 24 7 6 22 24 14 8 29 3 26 26 12 12 7 20 17 
4 30 3 7 21 25 18 14 8 6 12 5 17 24 27 20 17 9 21 2 8 27 29 19 22 25 17 13 21 12 9 9 
